real,prediction
negative,-6.023546365363592
negative,-6.246143739393981
negative,-5.787468226689102
negative,-8.12477476040961
negative,-6.0674245296987195
negative,-5.437944260091921
negative,-8.142986938856316
negative,-7.0177309020026675
negative,-9.164340371716742
negative,-5.747175497558966
negative,-5.635683612543008
negative,-5.6156363207598625
negative,-5.971510305149054
negative,-5.890344773609895
negative,-6.055654782044734
negative,-7.3279322030172445
negative,-7.94935740684192
negative,-6.7704983406911285
negative,-5.90188366352235
negative,-7.486878712430609
negative,-7.053679977064203
negative,-6.839587303823859
negative,-5.877356593266397
negative,-5.5730549847036785
negative,-7.156205899829346
negative,-5.400547420236703
negative,-7.926279346444878
negative,-7.09345869260694
negative,-8.777252654068805
negative,-7.873852669955418
negative,-10.668616893106929
negative,-11.319228484298566
negative,-12.820671781386372
negative,-7.1183213399924385
negative,-8.054096484733751
negative,-8.296374235924374
negative,-9.079301192505918
negative,-35.01888512103698
negative,-5.86235706124152
negative,-11.376862664887371
negative,-7.0627363203453495
negative,-11.45998004137232
negative,-9.00250668382342
negative,-7.547600422943644
negative,-7.168658125500337
negative,-6.899565549587371
negative,-8.196773903149998
negative,-7.963865863569571
negative,-13.799518276692114
negative,-6.437432566197234
negative,-14.83638340384642
negative,-10.92579092231457
negative,-6.306969460448697
negative,-9.03664258737272
negative,-9.61446168632049
negative,-6.020873321957121
negative,-9.818212186449129
negative,-10.132399732843792
negative,-6.865994862219478
negative,-8.485785876941248
negative,-8.503517118277534
negative,-5.708610707317566
positive,-9.995119059941953
positive,-12.576481304791743
positive,-6.695945955958918
positive,-7.3877032158329685
positive,-28.93206569734827
